[[  0   0   0   0   0   0   0   0   0   0 180 182   0   0   0]
 [  0   0 162 255 255 255   0   0 199 255 255 255 255 255   0]
 [  0 255 255 255 255 255 255 255 255 255 255 255 255 255 255]
 [  0 255 255 255 255 255 255 255 255 255 255 255 255 255 255]
 [255 255 255 199   0 190 255 255 255   0   0   0 255 255 255]
 [255 255 255   0   0   0 255 255 255   0   0   0 255 255 255]
 [255 255 255   0   0   0 255 255 192   0   0   0 255 255 255]
 [255 255 255 166   0   0 255 255 255   0   0   0 255 255 255]
 [181 255 255 255 255 255 255 255 255 255 255 255 255 255 255]
 [  0 255 255 255 255 255 255 255 255 255 255 255 255 255 255]
 [  0   0 255 255 255 255   0   0 255 255 255 255 255 255   0]
 [  0   0   0   0   0   0   0   0   0 191 255 255 171   0   0]]