[[  0   0   0   0 177 178   0   0   0   0   0   0   0   0   0]
 [  0   0 255 255 255 255 255 255   0   0   0   0 173 198   0]
 [  0 255 255 255 255 255 255 255 255   0   0   0 255 255 185]
 [180 255 255 255 255 255 255 255 255 188   0 161 255 255 255]
 [255 255 255 170   0   0   0 255 255 255   0   0 255 255 255]
 [255 255 255   0   0   0   0 255 255 255   0   0 193 255 255]
 [255 255 255   0   0   0   0 255 255 196   0   0 255 255 255]
 [255 255 255 185   0   0   0 255 255   0   0   0 255 255 255]
 [169 255 255 255 255 255 255 255 255 255 255 255 255 255 255]
 [  0 255 255 255 255 255 255 255 255 255 255 255 255 255 163]
 [  0   0 255 255 255 255 255 255 255 255 255 255 255 173   0]]