[[  0   0   0 255 255 255 255 255 255   0   0   0   0 255   0]
 [  0   0 255 255 255 255 255 255 255 255   0   0   0 255 255]
 [  0 255 255 255 255 255 255 255 255 255   0   0 255 255 255]
 [  0 255 255 255   0   0   0 255 255 255 169   0   0 255 255]
 [  0 255 255 255   0   0   0   0 255 255 178   0   0 255 255]
 [  0 255 255 255   0   0   0   0 255 255   0   0   0 255 255]
 [  0 255 255 255   0   0   0 186 255 255   0   0   0 255 255]
 [  0 255 255 255 255 255 255 255 255 255 255 255 255 255 255]
 [  0   0 255 255 255 255 255 255 255 255 255 255 255 255 255]
 [  0   0 180 255 255 255 255 255 255 255 255 255 255 255   0]
 [  0   0   0   0 174 195 196 196 196 196 196 194 168   0   0]]