[[  0 255 255 255 255 255 255 255 255 255 255 255 255 255 255]
 [  0 255 255 255 255 255 255 255 255 255 255 255 255 255 255]
 [  0 255 255 255 255 255 255 255 255 255 255 255 255 255 255]
 [  0 255 255 255 255 255 255 255 255 255 255 255 255 255 255]
 [  0   0   0   0   0   0   0 255 255 255   0   0   0   0   0]
 [  0   0   0   0   0   0   0 255 255 255   0   0   0   0   0]
 [  0   0   0   0   0   0   0 255 255 255   0   0   0   0   0]
 [  0   0   0   0   0   0   0 255 255 255   0   0   0   0   0]
 [  0   0   0   0   0   0 195 255 255 255 198   0   0   0   0]
 [  0 255 255 255 255 255 255 255 255 255 255 255 255 255 255]
 [  0 255 255 255 255 255 255 255 255 255 255 255 255 255 255]
 [  0 255 255 255 255 255 255 255 255 255 255 255 255 255 255]]