0
[[  0 189 189 189   0   0   0   0   0   0   0   0   0   0   0]
 [  0 255 255 255   0   0   0   0   0   0   0   0   0   0   0]
 [  0 255 255 255   0   0   0   0   0   0   0   0   0   0   0]
 [  0 255 255 255   0   0   0   0   0   0   0   0   0   0   0]
 [  0 255 255 255 255 168 168 168 168 168 168 168 168 168 168]
 [  0 255 255 255 255 255 255 255 255 255 255 255 255 255 255]
 [  0 255 255 255 255 255 255 255 255 255 255 255 255 255 255]
 [  0 255 255 255 255 255 255 255 255 255 255 255 255 255 255]
 [  0 255 255 255   0   0   0   0   0   0   0   0   0   0   0]
 [  0 255 255 255   0   0   0   0   0   0   0   0   0   0   0]
 [  0 255 255 255   0   0   0   0   0   0   0   0   0   0   0]
 [  0 255 255 255   0   0   0   0   0   0   0   0   0   0   0]]
1
[[  0   0   0 255 255 255 255 255 255   0   0   0   0 255   0]
 [  0   0 255 255 255 255 255 255 255 255   0   0   0 255 255]
 [  0 255 255 255 255 255 255 255 255 255   0   0 255 255 255]
 [  0 255 255 255   0   0   0 255 255 255 169   0   0 255 255]
 [  0 255 255 255   0   0   0   0 255 255 178   0   0 255 255]
 [  0 255 255 255   0   0   0   0 255 255   0   0   0 255 255]
 [  0 255 255 255   0   0   0 186 255 255   0   0   0 255 255]
 [  0 255 255 255 255 255 255 255 255 255 255 255 255 255 255]
 [  0   0 255 255 255 255 255 255 255 255 255 255 255 255 255]
 [  0   0 180 255 255 255 255 255 255 255 255 255 255 255   0]
 [  0   0   0   0 174 195 196 196 196 196 196 194 168   0   0]]
2
[[  0 255 255 255 255 255 255 255 255 255 255 255 255 255 255]
 [  0 255 255 255 255 255 255 255 255 255 255 255 255 255 255]
 [  0 255 255 255 255 255 255 255 255 255 255 255 255 255 255]
 [  0 255 255 255 255 255 255 255 255 255 255 255 255 255 255]
 [  0   0   0   0   0   0   0 255 255 255   0   0   0   0   0]
 [  0   0   0   0   0   0   0 255 255 255   0   0   0   0   0]
 [  0   0   0   0   0   0   0 255 255 255   0   0   0   0   0]
 [  0   0   0   0   0   0   0 255 255 255   0   0   0   0   0]
 [  0   0   0   0   0   0 195 255 255 255 198   0   0   0   0]
 [  0 255 255 255 255 255 255 255 255 255 255 255 255 255 255]
 [  0 255 255 255 255 255 255 255 255 255 255 255 255 255 255]
 [  0 255 255 255 255 255 255 255 255 255 255 255 255 255 255]]
3
[[  0   0   0   0 183 180   0   0   0   0   0   0   0   0   0]
 [  0   0   0 194 255 255   0   0   0   0   0   0   0   0   0]
 [  0   0 200 255 255 255   0   0   0   0   0   0   0   0   0]
 [  0 255 255 255 255 255 255 197 197 197 197 197 197 197 197]
 [  0 255 255 255 255 255 255 255 255 255 255 255 255 255 255]
 [  0 255 255 255 255 255 255 255 255 255 255 255 255 255 255]
 [  0 175 175 175 175 175 175 175 175 175 175 175 175 175 175]]
