0
[[  0   0   0   0 195 255 255 255 255 255 255 183   0   0   0]
 [  0   0 255 255 255 255 255 255 255 255 255 255 255 184   0]
 [  0 255 255 255 255 255 255 255 255 255 255 255 255 255 161]
 [  0 255 255 255 255 255 255 255 255 255 255 255 255 255 255]
 [255 255 255 255   0   0   0   0   0   0   0   0 255 255 255]
 [255 255 255   0   0   0   0   0   0   0   0   0 255 255 255]
 [255 255 255   0   0   0   0   0   0   0 177   0 200 255 255]
 [255 255 255   0   0   0   0   0   0 160 255 255 255 255 255]
 [255 255 255 255   0   0   0   0   0   0 255 255 255 255 255]
 [  0 255 255 255 255 255 255 255 255 255 255 255 255 255 255]
 [  0 255 255 255 255 255 255 255 255 255 255 255 255 255 255]
 [  0   0 255 255 255 255 255 255 255 255 255 255 255 255 255]
 [  0   0   0   0 255 255 255 255 255 255 255 189   0   0 255]]
1
[[200 255 255 255 255 255 255 255 200   0   0   0 197 255   0]
 [255 255 255 255 255 255 255 255 255   0   0 161 255 255 255]
 [255 255 255 255 255 255 255 255   0   0   0 255 255 255 255]
 [255 255 255   0   0 255 255 255   0   0   0   0 255 255 255]
 [255 255 255   0   0 255 255 184   0   0   0   0 255 255 255]
 [255 255 255   0   0 255 255 255   0   0   0   0 255 255 255]
 [255 255 255   0   0 255 255 255 255 170 183 255 255 255 255]
 [255 255 255   0   0   0 255 255 255 255 255 255 255 255 255]
 [255 255 255   0   0   0 199 255 255 255 255 255 255 255   0]
 [  0   0   0   0   0   0   0   0 255 255 255 255   0   0   0]]
2
[[255 255   0   0   0   0   0   0   0   0   0   0   0   0   0]
 [255 255 255 255 255 188   0   0   0   0   0   0   0   0   0]
 [255 255 255 255 255 255 255 255 255   0   0   0   0   0   0]
 [182 255 255 255 255 255 255 255 255 255 255 255 179   0   0]
 [  0   0   0   0 200 255 255 255 255 255 255 255 255 255 255]
 [  0   0   0   0   0   0   0   0 175 255 255 255 255 255 255]
 [  0   0   0   0   0   0   0   0 172 255 255 255 255 255 255]
 [  0   0   0   0   0 255 255 255 255 255 255 255 255 255 255]
 [  0   0 186 255 255 255 255 255 255 255 255 255   0   0   0]
 [  0   0 255 255 255 255 255 255 181   0   0   0   0   0   0]
 [  0   0 255 255 255 255 255 255 255 255 255 179   0   0   0]
 [  0   0   0   0 198 255 255 255 255 255 255 255 255 255 184]
 [  0   0   0   0   0   0   0 168 255 255 255 255 255 255 255]
 [  0   0   0   0   0   0   0   0   0 173 255 255 255 255 255]
 [  0   0   0   0   0 185 255 255 255 255 255 255 255 255 255]
 [  0 182 255 255 255 255 255 255 255 255 255 255 255 184   0]
 [255 255 255 255 255 255 255 255 255 255   0   0   0   0   0]
 [255 255 255 255 255 255 186   0   0   0   0   0   0   0   0]
 [255 255 255 163   0   0   0   0   0   0   0   0   0   0   0]]
3
[[  0   0   0   0   0   0   0   0   0   0 180 182   0   0   0]
 [  0   0 162 255 255 255   0   0 199 255 255 255 255 255   0]
 [  0 255 255 255 255 255 255 255 255 255 255 255 255 255 255]
 [  0 255 255 255 255 255 255 255 255 255 255 255 255 255 255]
 [255 255 255 199   0 190 255 255 255   0   0   0 255 255 255]
 [255 255 255   0   0   0 255 255 255   0   0   0 255 255 255]
 [255 255 255   0   0   0 255 255 192   0   0   0 255 255 255]
 [255 255 255 166   0   0 255 255 255   0   0   0 255 255 255]
 [181 255 255 255 255 255 255 255 255 255 255 255 255 255 255]
 [  0 255 255 255 255 255 255 255 255 255 255 255 255 255 255]
 [  0   0 255 255 255 255   0   0 255 255 255 255 255 255   0]
 [  0   0   0   0   0   0   0   0   0 191 255 255 171   0   0]]
