[[[ 78  90  90  59   2   0   0   0   0   0   0   2  23 109 140]
  [214 247 247 162   5   0   0   0   0   0   9  65 175 245 253]
  [221 255 255 167   5   0   0   0   1  26 126 223 253 255 255]
  [221 255 255 167   5   0   0  11  75 189 249 255 255 255 255]
  [221 255 255 167   5   3  40 143 233 255 255 255 255 255 255]
  [221 255 255 168  20  90 201 250 255 255 255 248 253 255 255]
  [221 255 255 197 159 236 254 255 255 253 213 139 232 255 255]
  [221 255 255 251 253 255 255 254 236 155  43  41 223 255 255]
  [221 255 255 255 255 255 248 193  86  14   0  38 224 255 255]
  [221 255 255 255 254 229 131  33   3   0   0  39 224 255 255]
  [221 255 255 248 181  64   8   0   0   0   0  41 225 255 255]
  [208 252 218 105  16   0   0   0   0   0   0  41 220 249 249]
  [ 69 131  45   2   0   0   0   0   0   0   0  16  88 100 100]
  [  1   3   0   1   1   0   0   0   1  18  43  43  23   3   0]
  [  0   4  39  87 105  78  23   9  86 194 239 239 207 116  16]
  [ 10 107 218 252 254 248 185 128 236 255 255 255 255 248 135]
  [ 84 233 255 255 255 255 253 248 255 255 255 255 255 255 231]
  [181 254 255 250 238 249 255 255 254 227 195 231 254 255 253]
  [227 255 252 141  62 130 248 255 228  70  16  86 236 255 255]
  [236 255 241  36   0  25 226 255 191  15   0  25 210 255 255]
  [234 255 247  68   5  48 235 255 200  22   0  37 218 255 255]
  [217 255 254 208 141 193 253 255 243 136  77 153 248 255 255]
  [145 250 255 255 255 255 255 255 255 251 243 252 255 255 246]
  [ 41 189 250 255 255 255 237 218 254 255 255 255 255 254 192]
  [  1  38 129 192 211 182  90  67 201 251 255 255 248 195  59]
  [  0   0   4  17  23  14   2   2  34 104 146 134  88  27   1]
  [  2   3   3   3   3   3   3   3   3   5   8   7   4   3   3]
  [112 129 129 129 129 129 129 129 129 129 129 129 129 129 129]
  [218 252 252 252 252 252 252 252 252 252 252 252 252 252 252]
  [221 255 255 255 255 255 255 255 255 255 255 255 255 255 255]
  [221 255 255 254 250 250 252 255 255 255 251 250 250 250 250]
  [221 255 255 218 119 115 172 254 255 252 153 115 115 115 115]
  [221 255 255 188   9   2 105 253 255 250  71   2   2   2   2]
  [221 255 255 187   7   0 104 253 255 250  69   0   0   0   0]
  [221 255 255 187   7   0 104 253 255 250  69   0   0   0   0]
  [221 255 255 187   7   0 104 253 255 250  69   0   0   0   0]
  [221 255 255 187   7   0 102 248 250 244  68   0   0   0   0]
  [208 239 239 176   6   0  43 103 104 102  28   0   0   0   0]
  [ 66  77  77  56   2   0   1   2   2   2   1   0   0   0   0]
  [  1   1  10  40  57  59  59  59  59  59  59  53  27   3   0]
  [  1  44 160 223 237 238 238 238 238 238 238 234 206 115  15]
  [ 34 188 251 255 255 255 255 255 255 255 255 255 255 242 123]
  [128 248 255 255 255 255 255 255 255 255 255 255 255 255 225]
  [206 255 255 234 154 136 135 135 135 135 136 171 245 255 252]
  [232 255 254 125   6   2   2   2   2   2   2  19 179 254 255]
  [236 255 252  81   0   0   0   0   0   0   0   4 148 254 255]
  [230 255 254 143  12   5   5   5   5   5   5  30 193 255 255]
  [196 254 255 244 191 176 176 176 176 176 177 204 250 255 250]
  [113 245 255 255 255 255 255 255 255 255 255 255 255 255 215]
  [ 24 167 248 255 255 255 255 255 255 255 255 255 254 233 100]
  [  0  27 125 199 219 221 221 221 221 221 221 214 177  84   8]
  [  0   0   3  19  32  34  34  34  34  34  34  28  12   1   0]]

 [[ 78  90  90  59   2   0   0   0   0   0   0   2  23 109 140]
  [214 247 247 162   5   0   0   0   0   0   9  65 175 245 253]
  [221 255 255 167   5   0   0   0   1  26 126 223 253 255 255]
  [221 255 255 167   5   0   0  11  75 189 249 255 255 255 255]
  [221 255 255 167   5   3  40 143 233 255 255 255 255 255 255]
  [221 255 255 168  20  90 201 250 255 255 255 248 253 255 255]
  [221 255 255 197 159 236 254 255 255 253 213 139 232 255 255]
  [221 255 255 251 253 255 255 254 236 155  43  41 223 255 255]
  [221 255 255 255 255 255 248 193  86  14   0  38 224 255 255]
  [221 255 255 255 254 229 131  33   3   0   0  39 224 255 255]
  [221 255 255 248 181  64   8   0   0   0   0  41 225 255 255]
  [208 252 218 105  16   0   0   0   0   0   0  41 220 249 249]
  [ 69 131  45   2   0   0   0   0   0   0   0  16  88 100 100]
  [  1   3   0   1   1   0   0   0   1  18  43  43  23   3   0]
  [  0   4  39  87 105  78  23   9  86 194 239 239 207 116  16]
  [ 10 107 218 252 254 248 185 128 236 255 255 255 255 248 135]
  [ 84 233 255 255 255 255 253 248 255 255 255 255 255 255 231]
  [181 254 255 250 238 249 255 255 254 227 195 231 254 255 253]
  [227 255 252 141  62 130 248 255 228  70  16  86 236 255 255]
  [236 255 241  36   0  25 226 255 191  15   0  25 210 255 255]
  [234 255 247  68   5  48 235 255 200  22   0  37 218 255 255]
  [217 255 254 208 141 193 253 255 243 136  77 153 248 255 255]
  [145 250 255 255 255 255 255 255 255 251 243 252 255 255 246]
  [ 41 189 250 255 255 255 237 218 254 255 255 255 255 254 192]
  [  1  38 129 192 211 182  90  67 201 251 255 255 248 195  59]
  [  0   0   4  17  23  14   2   2  34 104 146 134  88  27   1]
  [  2   3   3   3   3   3   3   3   3   5   8   7   4   3   3]
  [112 129 129 129 129 129 129 129 129 129 129 129 129 129 129]
  [218 252 252 252 252 252 252 252 252 252 252 252 252 252 252]
  [221 255 255 255 255 255 255 255 255 255 255 255 255 255 255]
  [221 255 255 254 250 250 252 255 255 255 251 250 250 250 250]
  [221 255 255 218 119 115 172 254 255 252 153 115 115 115 115]
  [221 255 255 188   9   2 105 253 255 250  71   2   2   2   2]
  [221 255 255 187   7   0 104 253 255 250  69   0   0   0   0]
  [221 255 255 187   7   0 104 253 255 250  69   0   0   0   0]
  [221 255 255 187   7   0 104 253 255 250  69   0   0   0   0]
  [221 255 255 187   7   0 102 248 250 244  68   0   0   0   0]
  [208 239 239 176   6   0  43 103 104 102  28   0   0   0   0]
  [ 66  77  77  56   2   0   1   2   2   2   1   0   0   0   0]
  [  1   1  10  40  57  59  59  59  59  59  59  53  27   3   0]
  [  1  44 160 223 237 238 238 238 238 238 238 234 206 115  15]
  [ 34 188 251 255 255 255 255 255 255 255 255 255 255 242 123]
  [128 248 255 255 255 255 255 255 255 255 255 255 255 255 225]
  [206 255 255 234 154 136 135 135 135 135 136 171 245 255 252]
  [232 255 254 125   6   2   2   2   2   2   2  19 179 254 255]
  [236 255 252  81   0   0   0   0   0   0   0   4 148 254 255]
  [230 255 254 143  12   5   5   5   5   5   5  30 193 255 255]
  [196 254 255 244 191 176 176 176 176 176 177 204 250 255 250]
  [113 245 255 255 255 255 255 255 255 255 255 255 255 255 215]
  [ 24 167 248 255 255 255 255 255 255 255 255 255 254 233 100]
  [  0  27 125 199 219 221 221 221 221 221 221 214 177  84   8]
  [  0   0   3  19  32  34  34  34  34  34  34  28  12   1   0]]

 [[ 78  90  90  59   2   0   0   0   0   0   0   2  23 109 140]
  [214 247 247 162   5   0   0   0   0   0   9  65 175 245 253]
  [221 255 255 167   5   0   0   0   1  26 126 223 253 255 255]
  [221 255 255 167   5   0   0  11  75 189 249 255 255 255 255]
  [221 255 255 167   5   3  40 143 233 255 255 255 255 255 255]
  [221 255 255 168  20  90 201 250 255 255 255 248 253 255 255]
  [221 255 255 197 159 236 254 255 255 253 213 139 232 255 255]
  [221 255 255 251 253 255 255 254 236 155  43  41 223 255 255]
  [221 255 255 255 255 255 248 193  86  14   0  38 224 255 255]
  [221 255 255 255 254 229 131  33   3   0   0  39 224 255 255]
  [221 255 255 248 181  64   8   0   0   0   0  41 225 255 255]
  [208 252 218 105  16   0   0   0   0   0   0  41 220 249 249]
  [ 69 131  45   2   0   0   0   0   0   0   0  16  88 100 100]
  [  1   3   0   1   1   0   0   0   1  18  43  43  23   3   0]
  [  0   4  39  87 105  78  23   9  86 194 239 239 207 116  16]
  [ 10 107 218 252 254 248 185 128 236 255 255 255 255 248 135]
  [ 84 233 255 255 255 255 253 248 255 255 255 255 255 255 231]
  [181 254 255 250 238 249 255 255 254 227 195 231 254 255 253]
  [227 255 252 141  62 130 248 255 228  70  16  86 236 255 255]
  [236 255 241  36   0  25 226 255 191  15   0  25 210 255 255]
  [234 255 247  68   5  48 235 255 200  22   0  37 218 255 255]
  [217 255 254 208 141 193 253 255 243 136  77 153 248 255 255]
  [145 250 255 255 255 255 255 255 255 251 243 252 255 255 246]
  [ 41 189 250 255 255 255 237 218 254 255 255 255 255 254 192]
  [  1  38 129 192 211 182  90  67 201 251 255 255 248 195  59]
  [  0   0   4  17  23  14   2   2  34 104 146 134  88  27   1]
  [  2   3   3   3   3   3   3   3   3   5   8   7   4   3   3]
  [112 129 129 129 129 129 129 129 129 129 129 129 129 129 129]
  [218 252 252 252 252 252 252 252 252 252 252 252 252 252 252]
  [221 255 255 255 255 255 255 255 255 255 255 255 255 255 255]
  [221 255 255 254 250 250 252 255 255 255 251 250 250 250 250]
  [221 255 255 218 119 115 172 254 255 252 153 115 115 115 115]
  [221 255 255 188   9   2 105 253 255 250  71   2   2   2   2]
  [221 255 255 187   7   0 104 253 255 250  69   0   0   0   0]
  [221 255 255 187   7   0 104 253 255 250  69   0   0   0   0]
  [221 255 255 187   7   0 104 253 255 250  69   0   0   0   0]
  [221 255 255 187   7   0 102 248 250 244  68   0   0   0   0]
  [208 239 239 176   6   0  43 103 104 102  28   0   0   0   0]
  [ 66  77  77  56   2   0   1   2   2   2   1   0   0   0   0]
  [  1   1  10  40  57  59  59  59  59  59  59  53  27   3   0]
  [  1  44 160 223 237 238 238 238 238 238 238 234 206 115  15]
  [ 34 188 251 255 255 255 255 255 255 255 255 255 255 242 123]
  [128 248 255 255 255 255 255 255 255 255 255 255 255 255 225]
  [206 255 255 234 154 136 135 135 135 135 136 171 245 255 252]
  [232 255 254 125   6   2   2   2   2   2   2  19 179 254 255]
  [236 255 252  81   0   0   0   0   0   0   0   4 148 254 255]
  [230 255 254 143  12   5   5   5   5   5   5  30 193 255 255]
  [196 254 255 244 191 176 176 176 176 176 177 204 250 255 250]
  [113 245 255 255 255 255 255 255 255 255 255 255 255 255 215]
  [ 24 167 248 255 255 255 255 255 255 255 255 255 254 233 100]
  [  0  27 125 199 219 221 221 221 221 221 221 214 177  84   8]
  [  0   0   3  19  32  34  34  34  34  34  34  28  12   1   0]]]