[[  0   0   0 196 255 255 255 255 255 255 255 255 161   0   0]
 [  0   0 255 255 255 255 255 255 255 255 255 255 255 255   0]
 [  0 255 255 255 255 255 255 255 255 255 255 255 255 255 185]
 [171 255 255 255 255 198 197 197 197 197 255 255 255 255 255]
 [255 255 255 255   0   0   0   0   0   0   0   0 255 255 255]
 [255 255 255   0   0   0   0   0   0   0   0   0 196 255 255]
 [255 255 255   0   0   0   0   0   0   0 255 174 255 255 255]
 [255 255 255   0   0   0   0   0   0 172 255 255 255 255 255]
 [255 255 255 255   0   0   0   0   0   0 255 255 255 255 255]
 [  0 255 255 255 255 255 255 255 255 255 255 255 255 255 255]
 [  0 255 255 255 255 255 255 255 255 255 255 255 255 255 255]
 [  0   0 255 255 255 255 255 255 255 255 255 255 255 255 255]
 [  0   0   0   0 162 173 174 174 174 174 171   0   0   0 177]]