[[  0   0   0   0 195 255 255 255 255 255 255 183   0   0   0]
 [  0   0 255 255 255 255 255 255 255 255 255 255 255 184   0]
 [  0 255 255 255 255 255 255 255 255 255 255 255 255 255 161]
 [  0 255 255 255 255 255 255 255 255 255 255 255 255 255 255]
 [255 255 255 255   0   0   0   0   0   0   0   0 255 255 255]
 [255 255 255   0   0   0   0   0   0   0   0   0 255 255 255]
 [255 255 255   0   0   0   0   0   0   0 177   0 200 255 255]
 [255 255 255   0   0   0   0   0   0 160 255 255 255 255 255]
 [255 255 255 255   0   0   0   0   0   0 255 255 255 255 255]
 [  0 255 255 255 255 255 255 255 255 255 255 255 255 255 255]
 [  0 255 255 255 255 255 255 255 255 255 255 255 255 255 255]
 [  0   0 255 255 255 255 255 255 255 255 255 255 255 255 255]
 [  0   0   0   0 255 255 255 255 255 255 255 189   0   0 255]]