[[  0 189 189 189   0   0   0   0   0   0   0   0   0   0   0]
 [  0 255 255 255   0   0   0   0   0   0   0   0   0   0   0]
 [  0 255 255 255   0   0   0   0   0   0   0   0   0   0   0]
 [  0 255 255 255   0   0   0   0   0   0   0   0   0   0   0]
 [  0 255 255 255 255 168 168 168 168 168 168 168 168 168 168]
 [  0 255 255 255 255 255 255 255 255 255 255 255 255 255 255]
 [  0 255 255 255 255 255 255 255 255 255 255 255 255 255 255]
 [  0 255 255 255 255 255 255 255 255 255 255 255 255 255 255]
 [  0 255 255 255   0   0   0   0   0   0   0   0   0   0   0]
 [  0 255 255 255   0   0   0   0   0   0   0   0   0   0   0]
 [  0 255 255 255   0   0   0   0   0   0   0   0   0   0   0]
 [  0 255 255 255   0   0   0   0   0   0   0   0   0   0   0]]