[[255 255 255   0   0   0   0   0   0   0   0   0   0   0   0]
 [255 255 255 255 255 255   0   0   0   0   0   0   0   0   0]
 [255 255 255 255 255 255 255 255 194   0   0   0   0   0   0]
 [  0 198 255 255 255 255 255 255 255 255 255 181   0   0   0]
 [  0   0   0   0 190 255 255 255 255 255 255 255 255 255 164]
 [  0   0   0   0   0   0   0 174 255 255 255 255 255 255 255]
 [  0   0   0   0   0   0   0   0   0   0 178 255 255 255 255]
 [  0   0   0   0   0   0   0 171 255 255 255 255 255 255 255]
 [  0   0   0   0 184 255 255 255 255 255 255 255 255 255 167]
 [  0 188 255 255 255 255 255 255 255 255 255 180   0   0   0]
 [255 255 255 255 255 255 255 255 190   0   0   0   0   0   0]
 [255 255 255 255 255 255   0   0   0   0   0   0   0   0   0]
 [255 255 255   0   0   0   0   0   0   0   0   0   0   0   0]]