[[255 255   0   0   0   0   0   0   0   0   0   0   0   0   0]
 [255 255 255 255 255 188   0   0   0   0   0   0   0   0   0]
 [255 255 255 255 255 255 255 255 255   0   0   0   0   0   0]
 [182 255 255 255 255 255 255 255 255 255 255 255 179   0   0]
 [  0   0   0   0 200 255 255 255 255 255 255 255 255 255 255]
 [  0   0   0   0   0   0   0   0 175 255 255 255 255 255 255]
 [  0   0   0   0   0   0   0   0 172 255 255 255 255 255 255]
 [  0   0   0   0   0 255 255 255 255 255 255 255 255 255 255]
 [  0   0 186 255 255 255 255 255 255 255 255 255   0   0   0]
 [  0   0 255 255 255 255 255 255 181   0   0   0   0   0   0]
 [  0   0 255 255 255 255 255 255 255 255 255 179   0   0   0]
 [  0   0   0   0 198 255 255 255 255 255 255 255 255 255 184]
 [  0   0   0   0   0   0   0 168 255 255 255 255 255 255 255]
 [  0   0   0   0   0   0   0   0   0 173 255 255 255 255 255]
 [  0   0   0   0   0 185 255 255 255 255 255 255 255 255 255]
 [  0 182 255 255 255 255 255 255 255 255 255 255 255 184   0]
 [255 255 255 255 255 255 255 255 255 255   0   0   0   0   0]
 [255 255 255 255 255 255 186   0   0   0   0   0   0   0   0]
 [255 255 255 163   0   0   0   0   0   0   0   0   0   0   0]]